$ANSIBLE_VAULT;1.1;AES256
32663638393366633030623433636139363832653431326263393039383565323366306138343532
3661303638666264326137633432663961313364323635610a303335653061636135613038343066
37613538373864343038343261303631366336336537613636306563623261376662653563623664
6538383230313530370a633763346334343264633133346362376231666461333365383033373839
32313730653230353736303339653439636331636431643134653162333437366638653533363763
31363438663536393561653062383462666239363938356238623063303965363133666638663861
65303537313530646638336261323135396336653264306535623534656366636462653836306233
61623037313435366431646630613966313831396132306236306362383432623735303261363832
62343339616161643236613263333466656265316462323161343166633930393863663439613635
62343535626438306361646131333137653366366237346362653035313462323562303633363533
65653634656332366363616437616161313766623763663361376239656635343136626539656466
63353163336538356535353465396461363838353766323336643330346333356432323337366232
36343764663031333839633065363032343733383064393338303735336462303461653163623435
66623431386339306639393632626533303438313336666136393839336664353938643830373030
62666464366139353236623561366131373233393364363765346233366632636635643964643132
63663663363433353330373933663334316638376630616435656234623639393137373163623036
34626563316231613635636165633263666637666463666434376261366565373463383461643330
36386366306562613964333834326261393730353363666433383232633731383133636561303663
65373132353664386365306638343336623538346536626361613038643566626561653734633064
61613963386432316634623861613264366265323735653332623662663931323232663236393634
62643235386265656432373165376365623161633965616166616363626166383035313837323033
30303438393135333732306233383532366332386564363538306633653338333265346631356362
32643036393362323764383463336331653832333830363265353265313036353438396331386430
31363166653636323464656132333061353666376130323138653432613030613837636562353435
32656630656266353731663737613736313431663862323032396434363037323961626334303830
39633233626266333931383464386436363462303561613532653336333861373462613037366366
34636338323861353062623332333834336665653935623430373230623263336139336532323339
30353733336433363063313732656539333864306432313266613335613536653033396265376337
35323038616433346462303132323064623637343336326330646165303436343066363138343063
63643733643635333630663831326636656131323062653531663831383032343066633665376162
36666563663937663535646132363931663262343238393332376233393332666630323965376433
34626461333332643235623938653463656561643365643961303135393261313834613630623538
32313133396537356231376330316430623162316465376235373934626538353133323939613233
36613662653466313933303934333838306464353532616639306137376562653531383864613166
64643939633436343963333436306362653239666234303337386366343734633838626638353366
38306565316364353637376336626263623433326165326431646666333533336335663835656636
66373462356239333363386539353266623335393661323464336134343939373130633532356131
62343639643039656135383035646438393736313831316536653962386463653933333432643161
35633331376664656430393237376666613966633238373461393739363865323263383262653130
33626361623761316430393537646362323861656362626464636564396638623764393735363330
37383439336136623438656331653938663939323562303564303339626435343334323931663431
61303930336130313238343235336339343938326133643266643836333430643864396365303032
31353863333030613963363233326434343464323631326532346631313730393461643731653939
30643462656630386130303466343964653566393837343634323431653866386537373030663432
31313265613439393765646630326632656432346466643731646634383832313839636565333938
61633263643263393535376261636564653137323739656261636262613337333265346564396661
34633465373937373465626439376336626130376136636363313864373731646430633735623337
32666135643630383937376636386538656237343132643734303033643537326536303234376665
31303430656130656537303735336631623365386430616663356364653034346531663038643066
66373234616330663335633438316465396263383030363730396161613862383365646134663231
30643039373234343136633239373130613238343436626234653431663461626532343432376130
36313566363235626638396134636338396130336532353461333962373061623339353932626531
65326162653834346263623761623237306262316662653337613536386232653934643230666266
64303234616234666265633164643864646363363334646339396463656339373331336438396630
33656338376464373861333861616330666662653861336662313835326361363437376437303236
39316237626235306463643836323665376336393731313934326438383363613562373663303433
31386438386362623933623834653838383561623263613838353366383433656234613761646538
30363065376266303464653031303336396164386565303431396239643161636431353438343636
34613962383763386332623839623739623236646364653265326532653264623665393239373863
31613464366366616434303632393430663939343633323064613739363365373536663732646231
35396230333036626665623536623436386432363164643364346134306466396537373337353034
39633934653466656662633332313835383334363565633134393364383662333338616662353163
34643235333162353931643864636330623430636131613862323735646261363965633638663963
34343064653261663536333665356334393262393334633933363163643838373661366265393364
35383363636430313361363431666332303134326630323462363836363137356463313931636563
32363431333366313963343335393639656264363261346661643962313163376331306264373230
65376534396235663665653334346662303263316137326161336664353836333836323738643536
62396163316333363336633964643466623866636463613833386436616536323838663030396135
38323863363534656363623561656536353462333938626235336165343737623864383732373433
31383736636531393361663534623266613434383434353863303438366438663236656666616638
66373538373636393933373238663131623065613936616337633832656539326266343762653864
35366635346163663264633138386531386537636361646433386162316264663835323435383735
37323132663932386366636435316532316330656162623931656161386530636234666137346232
36303038333931303538376439376230613733393163663065363363343231643439373636346266
35643237343232323735323532633332316132303432383730653861666439356335373464653430
66383362653133353763336132356336366666323430626639343635343335663061323138303664
62663337366561373462383935323863396662656165666263316635303239666263396136306461
33666238346139656664626636313431303338613837343366643138626465356237613736376264
63343432366662653634643033626232316639333865396566633864373933663132303439656362
64643535343930383466646537623636393336316337313938323739656464353064383433633035
62633230373061323136663233376166336634386166346535366135633661646434383739373534
35313132663631653938306637666433663366376230376339656132316236383437303133343466
63643831633561633739306230613033366266626165386232363761356434343639353061356266
30356233383432646663636632666338353633353435313664323064666264363166663930356362
65333035666335663335316561313538663135373632623565353335393562323235376465363733
35313236613161363564316162303165653864623631336563376538393965393030323365393661
63333736313864616165663966333533396635366464663364306230623437326463383862333763
61363466626231663263646430633462323065633665623864616336336137383337346638386464
30306461663734643264316137623366313363643062626537643962383861636431393538383838
33633730316538646638636339386531393861303239393830386361663330373934346139623264
61363730623639643161663966653161383566343566343832386133353066356566623436353763
31313238323663343861326462336465363036336465363538666530396561336632323135393633
39663437613762653535333138636436633062373639616562343164653439383562396531633262
39623831343039383835323335633939316462326162653931643736373730623539313766616533
34633635656264343830666630306534646636343236633664363737396633306139633536353165
32376539633264303530396639363537326337303866333266376262663264626538396639323561
37316330663666643061663230656139376135613034336431306265646434383936373861343333
34616365333662626662393261303966666132653464633631363330613039666166656638353039
36666664653164633361316536333235643630633564636530376630636366646264653265323364
37663331303833336433626662633533653361326538323934666364303761663762323933333564
38356530373665656632383136376339613565616631303630343139383531396462343838393439
63643164666233323633663832613438623632363565336637306464303464626565333831643834
61353939393331316133323064633634623730386666336565343964663432306164643734653161
36653936373165653663313032353865656431313633366264366332663932383761613665343131
66396133646634656131323334343161356565613439396566623430373365646231636533346531
65303537653464366661313437343632613364373132636634626136343139613466373661363433
30323133623436383566373361393630636236346438653236633137333961323138383562616235
31633265656631316232393339636566613135626430373835353337346663323466363661623930
31616261616638333164646664363533653133303638356231663265633930636634303261353563
64366638343136346465373562326539373262303863316337663864653563303939623862656635
30623130336139333336363033353835333535386436343635303064623732363865646336316566
61343337346236623430393661383837316631323839363939393230333634323630353065646633
65386466616234356135643936663039633838663566376634636662353732633362383166303338
33316163663661623839393261613065623936663166306530373663383834663263366339393066
63306335396630663138396465366639353731366162316436366632316666306436633662363365
35613562393262616434343933626636303733656530316662303536653530663637353037333339
34323164346236383630663839653637393466353030376162386130366431376137623561643865
33626635343361343161356566393833393666386166633737383430396330616233363832396635
38633862373530396336313634316264636639646665663039313932333364373463356234326436
33613933373863313931613665613734386335666637356136653165353430666338366265393634
61623739353139656162653434356534653261373065636566663533313266643664356466363836
36666437373437613839363238633135393737656335663463666533353836333131396430313533
34656136666463316439386663653263333666303863376466653562626366636537343034323131
39343435666631616336653665333132613135306331316632326637373638653036633333336463
65643462303637626331366431376562386563613734313537363832356636663534653464323633
31396461393261386132366163633061636435656662613962653336396263373966393661333338
64613334633461613436666663336661363662643533386561653236323539613662626564333666
66616438313833383464316539343031643265386638386639623935616263393061336530343034
65346330656630303163633038333130613936663339666161396336366263646435356662363761
30666663343732653134356334613838633662393233613964373965343537313965633062366464
36336339383034636332356330353836363064616438663732666630626135393433306365653963
66336132303061633463393331363731633436326265613466326634643737633039306365306263
31396563633935393931656631623935623461636230326265393234386462303734316330316532
31386332376237653730636239633964363735643535303339346135313539343463323963333937
30333338323161653936383661333466343163386564356234393661376662626635633066376630
36353035346530373330393733393736623163353863323135663236616465623266346566326239
32313865383061323638316563656262313137623730663366383030323664626236323835343839
64363331383737643237303535343862346136306533656461343131393736313663366166616166
32353561303236653330663837323430373838313637393663616336376231366166353237653339
63356637636366646331383836353065643061303135363465306333303264623635303262383634
65393630313562306562363530626362353864333162353037376138356432333830393761616536
34313433326263386663303163303639393330373236353436653639643562613464623963343166
32343135663036373838393436663333353933386462623435636161393431366531653031393361
39356231623237366333613432363839663539656461613066613532656234313365353730633262
3264
