$ANSIBLE_VAULT;1.1;AES256
30356562336336346434346137623065346461636664643139343830646362396534383933373365
3936333038383566646233333431326365373831643431310a376539323364353930656233623966
32363265376233663565373437353230646465386636306139656530383630653162353136353032
3464306139383465340a643433343763336532663631373563613264323730613237376333663464
62656335363831306463316238306561626437356439373439666432663330333430366631653964
36363565303431333139626531646165393665383636353761376131633935623530353037333532
35326135306162346566316466646637313839663239626438616637356562303437353332623539
39326230616161396232333062333336353233323031343362366630303531333534303735643933
32646337623337333265333063656163333061666661633938316364633064346666653337393334
66343764356631626232343635366339376431303462376562613765346639376631363234346330
34383237333633653466323838306663376630393937323937643534396335663738316161353532
63396161313437636261663730613437306262663534353030616264653161663765623031306463
32343437346162343163663331616665386565373138623361343466316166386134306232323530
65373831633936636665666435393233623365633134623233303731343632653366336165363736
33363939653930646633326236336136373438633433306162363266656566636335343538306539
63636537613436663864633130333432646433303233383761326164666633383738333533633232
65613139363235363331663433336161306464356664633033646633376138326539666437623433
61633961306139396338613165666430306462623937336263356530633639653835663866646664
34356338363233633834653866633631373631376333343034383739363431343662316462383830
38326431666266616235386434353636633837396261396236313932623665396232613835623137
64313934626532653665613433613434616435336630393733616664383930616332653161343430
64373764613938633331643538326663376531653665383532653039653236636432373436396261
31346664626235343039396132323037343166643034396232663735623832373663366566373565
35653238666238643262366134333537663064306432633136383962303534636530373133616662
32666533633139616665633665393266623765323466323632633863663733613962653633653236
62626435386130643234613864323561636630663137343539353564313365373735373931323334
35316531643232616438626234383734336536626132643861346236616363636530313434613231
39323738663263343465346165373330303332353133373636613637373064663236333937666334
32363161633861336662643735393664363132386234353761346335323566613162313061636134
66356236633030356338336161386230333666633839636463333837653535376563333533333731
64663163313863386466306232356239393936663834623332313734636162356530383462316566
34663133396532663662353632343436343534346465393661386464366266366431313464323665
64343538653131613030656365396661323530633936323464633133656265333966323836633437
64636435353135653035623866393638653563303034623331663332363565613866386239633136
36663032666463653133626664353262326333333534396232333433643439623439643265343335
36353939323065613464353531623537373532613863616634613863343262393165633262373463
30636464326430323866616463313566616236623664333464636165316234346466333365383134
30646137303937386632376235323539326633336132663332376631303532346633346439663933
61663635333839346264636538353536636330363163623766633566323534303861343533373638
30386437396566353537326534326631646631613636663836383036613939303338643532386236
31303137666661353866333637656535313635326666383435303231636231656361616161326332
34616530336631363832336538656338373462376663666635303564646464366638303533383238
33373231303239376530663363313463663836643734396366373836663238663339306335613563
64373166323738633664363534643034373936393438336139613335633632313963313733333633
35636466656662663433393962393765343430653062323463326231303036313465306132643165
63333637393231666237333261343537306336346333633934636462306362333162663037616564
33316235313834323633373233373162353036666436306661346565346537353966333161366666
64306161326535343366343365393032633135396565316332663138333664346363623766346130
37653134356361313133363933313163313539626537376438363534373837336265663562363066
61323338656631663533393332666162383039323765303237623630356139303266323539383936
33333530336462343731383436336132393065623063313962306438633962616362376635626437
36316434386365623539356639356461396564666164633366363661363531316330373066306163
32626435633666373966663862613532336662653066386633393739306331623630333365626531
33313966353763353237623166613262663139626263666465336336643135643535363766626636
64613932626163636238353334343063346638343031323465656164653564326263633935343965
32623163333861393335333638316437343931323236346633343130353464336538303730623861
34373138663938383733393130373166636465643136303434616261333631666535663038623566
64393337653761643362376362656235363963383762363239643737363936646536346534363939
32326132366331613438363662326430396361616332316335656261383337306431616233623731
30653462663737623964366163306533613164356435323037343038663334366165373038663163
35333438303430333465656237336132636164353334353962363335363662303030333133366235
33623635386561343034373532633736383766303635343461666135373264343339626239653234
35343630626462636334623031653233386565313537333263346465643933346663646131383664
34613833333332346165636534333965656262366430346231636333373335633162613235663139
32316463303265656337613038346335353263656534646362646662626534326230393133396331
39666635316635343135653761666432333338333436633462313639613636626333613961383366
31363035353533323062653064353636313139663762303964623531336238616162333863343634
38353261303632316637633739383631333030346139653236633233653036353263353763386534
33333738376263666365306137323831313465373633636330613035383030303830613432643539
33373130346139353430643635613962333461396438643038326266323462646536663564376533
36623133323262393361303465373830623230346135613461353131653364386166636631633639
34333030303561613432393336393462393036633031323736626430653231633461396166663864
65333565373264666138663133613162623538306535353730393135626534363938636565386435
61613931313231663362613334303361666366343163313731353737353661356664313437363737
36363431643737663164623934626434376639313035376637353337376365626662386131373136
36633738616337373565353839333539336332333630653665616662316231346432303266303966
33636433383739613234633930326266643735313761383831393034356534633039303839313663
35653039306433383931363664326131633537393030626264373438373261363930353839656564
34656162663135346136666435613539326130313536646532366638653331666532376331643638
38376236666131343731353535363166373965303734333166333264383765353630396331656165
32363539376563336133393334376433313937666537326530663734333763353434353761386432
33643136626132353465336363343031363837613939373733663566383032613663656130333864
64383531663166313639393334643537386366653164623133616165383635373036386563663737
39373430323565613762343630613966323830313031336338663063316334313966613561363037
32333361313662633238636162653836643332303039666265346164616565396534363231316465
61383337333631316633366163633862353461626139393064333061333634303664313439333933
37326335656166663265303165666134316232333265306335343039656661383038303132316231
35616466303335643234393863366536623537376566356330653837303934623161623564656436
31303638613965306331386362313632623234646237633561376363353332643537646434316339
62376438623236326133646131356462343430653738323736323436633830643864616635353136
39623833303636373361363430376136343066653236653431623733616633323932306164643637
30633131643838373430366635636437333432383030393030643735666462666337326164346133
64376130653539646566333234626162626533653763343035353434643666306165313538653333
62623733373938646238653261633139666135313332643635303639383663333932666238653862
36323936373033383537616433356565366239373264343662643963353663643361623435646262
39396139383232653333356664666563323061356136643732646665313064386236336264393936
37386564353265643138373963363436326163336163396534306432373533343661643039393465
65333266373165643539333065383963643633323161313065643666353833366134343031376336
31313630653938373361343833653964616565356336313039626438356635613164613861373362
32393330373533343432616439353636393838356461653863653930666138373362313733363136
30393966353730336166393832663465626432633938643461336637333664303734663334323732
39333065343261366637303062353163636436393532306637326163666663313665323565656135
37353830313835336430613937326134626461393030343734313234633762306432363235616366
64356663343039396232616138393462613230303830613661636334616262383363396363643432
31316136633738393231353764323134343538393236613665613138393633636133373438663765
30356339663137623835633339386138636662393830306533363864663039643938323464373361
62303230353439656665396463376637383135316537373964333730376463323961623137373037
35363933343334386539303062623666616331366334323431313338393966326565323639643965
35663838613361656330383765393662646230613762313638633065643065646533343535363333
64396262386638333661636538396336373464653430623838393530386461393765393364663662
38626666373261393163353062663630623432373864653636623139626664663965393538653364
65373831636461343535376531643931616332653462666366393038656666653363626436353731
39346336616438376362363438386366623662646665656437613638323661316363336131316638
63383062613730613238316463333530323865326665373161633865373930653165316563643037
65343236653530383235373431343137373463326266373534653035633066643934346236373930
62653066316661396161363164323462306336613366366532306531313838386539386638653938
32666637373732303035663365333636306433653163336134323064393464643436353734323635
35633939656535343162346630383835393031633833393039366563626336613833343437393366
61343366393936323763623038396364346363663563366433646139666431633261396131393666
39393866386231323537633035373561383238303463366139626135626364306630356439343666
38653038626364663764346134663731383838316132396630353064316638636339353539363366
61353837643537623366303061343732613034646631303434653539643464376262346465396637
63653636386134633038613966653464643636346362653235326537303761613362653161383136
61363931636538386538623837373566323962386434306433383138323432663038656230623739
62383536643432336632383663373165366432633734623938393130666438373933356434656331
64323337663163316463316235626236643864666337366263626563653265643563633539393163
37646262616563613761336634613066396133616165313338376461336365323730383334356139
63366164656239656137343635623464306263666661663164363663636261646134306331653530
62636135393663393531383936326362646435306232616138353933353665663131346166353033
39393636313339363631646261353464656431666161646364373537383666303765353561316665
62343561636530303363626263633765623937393935336666306331306563343235636430663730
36313632656134313438653066393436336435363965386565333936316531363233653832373237
61316538663733326633356234386335613132626439363830303166383261646134633531383338
66303931383633656364623236303732336331366562303939323033356239666438383935346265
66373834396133393064393936653836313864313162393239353261663837343432616336616437
64343838323066333638323739663538626135376532386339316530663264626339306236323633
32663631373037313939636164373130616634376661636366383432396263303430353339396231
63363433313565666164613734663363353365643431383232613834353538303662393637316134
64373739643964373361613732343066376132663263616438633532316130653039666365623039
64366566373830356335623033646430323334616664653432633665663032346265323765343737
61336534646534396138326364343631656231353161656664383136623061643232343636633064
62663862393865653862366664653164326536373139326332363863353330383433363764623035
64346133323465326536663932623166323536643038663662326633336365646330623735383633
38353362306634303935636438633836313063323964626265373739373531633235343139393133
39356337356539656331373466323733303533613637353331333363663530356637393363633364
33323732346330656365663265663433663639626531313663326336333165663866356134383530
63656635373832333065303132613664343039303930386438303662323566633733646165333163
38316566646166346437366536396662333939633530646664326261613038386664353833303036
31323230383766656566633530363333343336333636383837663139656264663963306361653838
33643836346339356464656366313334333436356639356531333165623032363831363630633430
34646237356364383764666364633133303431656430306565373338333061626232303636376337
61633563623364633036396366396638336234363539336136666261323139383464383739623164
35376563313261326137663433613562333866356365323837363930353464653062616436646533
62373131323862636130396530623137333963666331656335393930666335356465343366636233
66363561666430333563306337323636383962366435666631356564613261366639616334623966
31383461313739663837363131373930636335386332633561366534363864373961306463353134
62383532616234366361373530613566376138313131366635383839623932653739366465356363
61333735353230333734336366613264366261396136623962346538666132336566393665306630
62386162633462646132336565393939386638646165313138323336616239623938353335643737
38343061333364353338383234396361346234323639306564633536393232376131393933356465
30363730643539386130363939393732636436616164646431336162373031316265653934633539
37653462316432336331313931353562376236356364633764626336353031353431616537396131
64613638383733386536303563306430363130393365636635383632613133613966303966666164
33376632636663333134633834393566396238666164653863386362386139653730616264363762
62396563353563393034353634653139376430326666333235343731393235353064663931396364
38636438303231356331616538663464326265366465373638633635346662353832643832373835
39623161313266616334646637356439616639313431393838303939386338386332306564393533
63383732643161653738316330383432383234386131646666336264333833633835353638643164
37636262383166363035643364396265616130663431656462616464646664323966626337343335
61366337616635656236613665636164626265613638373537303839653062363934323164656164
35323330393061333235376237333661303366326136326136633765343063386536623938376564
65663334306163623934303033666435343932666634326134353338313062306466636562343366
62396539376236393862326137313230323062373931623433303230623861383633613365356339
36353933646433346235383430366334373463636634653864616566313661653831393937646461
66333433303263316364396331616434336437646136623136393833643265663964643366343363
66353437386539313762333736376330393166323063393939326237316635383538343438393062
63623935383036383037343939653134346435336562393530616565383935646533646236363430
33316636323237623232653137633961383432393564356463353632316632653365303230333464
37343830613134666333343938653764363035643663343230313263333838303530356539633263
37323464363863393539636339636161353264656633333030343866616438353436646632653964
35326436356239386536366433316463333436393861613761383462373038393365643532343639
33663737616162373235613366313430646363373931316135363037383664363330373665323964
33386232393234663637353466383634316361363765643863326431613730353230646662366634
30333661613237313137323630393735656165633732643233623266343737373335643734616432
32373638333233313532633336666332363137356438363131303338623065373964336466356137
62316134346536373031346534346538383633643430303834373732653337653130333731653932
33396664643034326661663563303563663465663838663039616333663133626334373664316562
36346262343062353237356638383561336436616238623866666264366331393161666534363666
62376130336566303463356662303138303564396161646462303065636334616363386434303538
37313932323465636236393036633661343532346533336266663161633262346637643938613765
36363732303865623466356236373937353335663565383263383634323939623031333064323937
33643062633237353531613639323564313437386435303664363361396231373338636235666135
30646539323031353962343763343438316133623264343038633864363138336530643836353662
38326163663634303666613639333831633731336536326331626266613762333836343762363834
64306635666466616434336264343731326566386261313936653538373136653536336565636134
38393333306432366263303331623030393634383730643731356535653235396162373166366566
61313439626231333764336363363636346430383439666435613332363961323930376564313062
37343734363734306264663730353631303933363566663539356331303839313963613137306237
65633831313533656235643139623632626638633132323566313766626665653261323261613866
64333335623866626361393566626635353163663235356533613762383662626636306639323462
39366462613930333765313461303835313836303364306432383564383339616666323962383461
39383833623363303736303033663935333461356562376431626564396130333435613934343166
30346432323761663133346464386436336264656261386163373562633833333365353736383832
31643038396538326466356333613065363164303131313738626237323436316666363865383838
36303734346436323166633037373164313364633863646133653261363638313534356662633334
35656338613135376334306634626239623332336630633934343032613736353134663937363631
38623937636365376661376537666131626366613161373134356432636664386161383137363230
65396537383961666562326265306566333939336261373033626361366263396266626433303938
63346232333061346562356662663665643962613764386632313135663037306231333337336635
64363864333038613238393636613537636632636535393732313165636662616233666561366664
34343738666336303830326536666630373465303338393364396534363832383334323466386230
33373062393731646165613638363137613332333035333038626565633263353339613435653633
36356139633965343663613933653838323562633135653636643766643031633265363866393666
31333636626336353762616464656430383065393237306539333564353064653136616464393931
38356361326264646461663837623936306633613836363837393263386335363139666534393339
64383133353733346539353430383462623963373662663738343734643864323731316432656666
34353630303436636332656162333930333538326464366464616466356138623735396264613631
32306239316337623438663661613966646539313431623833623166316462666436623838366464
64386139616366653232326566383962363330656139366237313366613935376633613639333739
63306161306531376564626135383463653534633934333866313636386362306236653032626664
30323833383535396634346637643430336164323930623739363633306234386366326439333165
61343233663034633163306466353330656532306265646635373137633662396231306231336363
31626462333139363139363564666363663766623835353835386630386335633933356134373163
33343034353330336635653364396134663361303166643939373466613966306265383036613236
31636336343438383331396630623633363266613163663438313262383434363466333535356361
35616130613834623261363333636661386561396537393931323934306563303265653935643636
61343633363534383132323438383566313034326366333634333533356566626266306666613864
37666163343237626463666539376365613432313631313233656532623637363537393666323263
38653838333061623561323132616262663361306466633565303763623965376133343263636265
34353566623530306134383038666231316233386237383563623564666466346366343866636531
31646532373731343732383934346430333064376662383464633539626439333035336234386137
65343230366266323131383535366633353431356538653064393861343861353862663762366331
37396138623732636536306235313161653136383237643539653533646631653537353463363961
38663436623833653865353061616136393461396530346463333163613336393038353666616566
65376533623638376331613638636566386261376534373265386330303361366339646336316134
37396133643263346636613961363866383233646630303265346235356466613566316432663837
39396133646531396538313262313265366563326561333963303333373936663566346631396366
32346566393032316466653538343233666536386436386538323466666439663361666463323937
65356333323366653835663938313035316231666664653135636230633863353834386566316161
38643462333233666561383935383361366363323838626234393765366138363133653032386537
32373338356432646330363738353537376464353539626666306438636332353431366562653330
37633364373730393535333035633534386632396537656634656632343930313830396534333961
33313034613264626463323831393036303533666433333836393261306463653764343537306534
31366263633733363536383135373463643832303739623930376330643336323538656133356132
35623366363939303838666563396431616235626461653338393532663130376439353931336534
34646262636562396233636139353638666534323632623266663039303264626537636632316163
37323432313638663533313664656139613162383532633161353164646361346333316661383437
61333636363430633861656434336133643035663861343535336466376630376634343264663833
64333530333964643932653635623938616530636631313064373162663561373664313433306130
38353832333334363332616562376163373732333266396665353464373938623964356365303635
66653662373065666161666138393736383739396538663833616535353531643966623565373939
39393139633138323765343866656536383333333762653664346461376563386637663864613731
38653336333630303763323466633430373136363338623537353637323635333637393637343839
64346464366337373832616632373636306163626631343832393537393535656565353866326535
30343936643761353537663531653433366639623161353762663231633439363635336136303234
62316566333464626230613731313732623432336239653935636537326264656165353630346332
62646162666662353331326330656439653666383264376538643735616536356665363964396535
30343532316137623563613631326261653935613265323635333234343163353965376137303039
64656262613762613430313330316430666164343833656634633733653739373037313732613166
31356638653364363636373739633266313137313335613466636234326330653037666639363834
39643232643363303930316137653834393232353139396531666438363264333430633563303730
35333232633865663833353838353838366361383937383732633763343336663963616561393161
30373661363764363837376466363462326632323939306661663933333632613661623238386436
36343731646130353261343463613265613061356332653530323038326464653431633035386232
31653436353664393938303661636634386235373734616135303735636466333962323438366262
33646337653539643862316133323633303061366439373963336164623739613863353531346335
64623361653638383435623461663764326434646261386561613538363763613162356635386463
32346662653530333339653330386132633264333834653730386265386231643933333466363661
36363036656266393263373136363861303263346539343933626432346134386437343030316666
33323133303063373864626161353266393863653930356536613333613134376339373766373036
64616163386161306662386562616437333165333532396630653531643230313832376536316462
38663964353361316638616561613938326261663962316239636337666132613566306265663635
32303431333031663936386332643566333065636336393037316137303864306365316365663536
35373563353133353336383037623532633730626361326439633235643030323765333637623631
63633730386561326465316431643761613634353266626138653837323931393963356431313762
36306234376234636132363461383735306138616263353838346363376463636563366436333865
30643834396134613934393931613533326632626634353532323666623837303735373630356361
38636437323863326666643034333965333461323762616631636131393865356638356331303066
35383263393338356261383638373961376133356139316533303439646335643264613639316562
35336433353461356639386139353664323033376635383036386331623733393632366239353261
39333836316436343232393034336439616662323338636666363234316632333239396538336366
35653136653563356633653564393565393266343639356535323232653065336630653064633961
61363538326139623530383563303562613136393035316439663266353534393230663930336533
62306430313939623863323138386233366338353165323066626230366332623762366664366362
38353362646262353139636366376534356339383034356138303933666662626435626137376631
65316335313263663934663265326631663834633333633733623162343737373932656633343133
35343032393266336532313436663338666433323636343535643130633439333630313733663561
34653565653536656166303263663031636239333433396131373161313934373665346333373035
31376637393061363434306533313066316365356133333531623531323135313636646239363764
33646131396563643063313463633939393065356161343564326663373462316566646462623132
31663338393534343863393930616438323037666665386563363063386364396138303462653732
35663231313632333364393064343165646134373234326631313730373930613835326262393030
32613633656133646438646236323062613738616334633033373263643231366437323334373630
37343237613936396135363639366638376432643034376264306366383330343962306465323862
32356265383965396631643330666132326433623939646437323061636237356134353961613766
39643831663637363632656232656130653165376534633365663831356365363361663434616461
63353934666338366234326362363433613834323665376331333133353364386439656336316566
64303961396134356230633462333830643836633062383962383135373861323038623338623735
37383733306232646438653931306137366534393031666134313661363262336530313533666331
32626634303364636630653637656665316330353336333363626230623463623931656235666531
36653761333837643962366563663165643834653763343065656538303166613965613866303466
38653034326130373135396666363964356132386534356131653133363965383739363437653839
61363338323536386266626361373266643365353939653065303439646532653939666638646430
62666138666630666330376539653566393134343631313638303236303539363165663064653564
33383262616135646334346438643133626236643231356439316532343534356232613533303637
62303534616339626432363332653837333765323830653137333531323132333162306637626162
64636532626533353939633464383036623231626332306233333335323534663564306131613537
62643432343536326239323138633435373432336636616161393432346366343762616437643134
66346139393664376231373834396463623662333539353736643237336437613536613438323333
30643234643561613430656462313737353137333164636462303233613338353835653032663135
63333837303132313463666465303531363436616134303837366363656133323938343331303566
32633232623839653262396261343233303765386337343533316665343562373531383236636632
33393335333534326231653735383063363039333638626533643664373433356633653531336431
32323962333562396431646666313932623030626135663633633962343036616137616433303566
33396334616533376665373763346665656166313634626561363433323864623737373134356562
30376430633966353039623038623331396232346535636333393936633363373461353734383361
64653163643734303338643436313064393235396464396636356536356639336534353132623366
32653737356538623634653563616638313062633234353134333530326466373531346231396331
66343461396636376336396462326638333931366466623037353332313239323633636434373866
62616431656437366238393332663537396331383039343530343462333866346432363938343735
31336239626566323533326462393231373066326662353465663061386561343833633164333837
39313839383034393335363036613965393734353035643338323130326466313530303934386134
62653338646231353832353831386236326336333136336434633839643032303338666535623138
34303036313532373830616333396435663031383639653565303662353832333365666364616663
30643964353234373930623238636336653961336234653631363732316361393466363063353332
30646532353732303462623632303430663036666636636462643763643838663962343037363630
62336132356164316566613763306364323037366533356166663465626266643437343362656366
37616466383062616136366366333139613236643931373138666333616336383666633761656365
66353937366664323932626539326335323130393064616332323463633131373932356632353164
62313138353262663833646134323264633863313731366262383766303332303435646338303761
62306265643463323962636436333530613466386166323861316630356335323332313664366537
36366533396163303063303938326438663165613632653938316261373565313830653862653462
33366164313961396130373662663635356631336464316265666266653430316265353532623466
31363163333634306239313335643462623362643138333939383235633832376638303134616635
34633363376462363037366133376165643336643330643436636561343364643335376436373061
33373138613534376631636636353131333532333734343631656436653338346635343866363664
64313665643438393561646434333832346630303034336662373462623866303262336233626430
34386436303635636164303031303834623634636237646338383530303436343335646537313533
64393566333936383538636361356330316137303663336437376136363363303433656330356233
32656630316637323862623437663738373539363934383635333334326636326136323733383935
31316362306636376635636533363437303135623664643262626436646133393231373035393032
32316632633934633932346130376463353935303330313036373864303430663665653936313463
30343763646364326239393363356632626266383936643338303030616161663562343465636337
65663565663237303539363237653963323630663764333163376461303265616566383230613235
62346236346265613537653733373864373333356266336632353337353963333565616232383131
36626437646563633432393136646261356462313430383933613731373835383939333934643262
62376364363434643337376263386338663032663335643363623562343335643564393062333830
32326436666238373762373330323263343839306335623764383736666463356565666537336239
30396235336337663630333338666233353466363932376365623438633464356234316331616366
61326337613931356334633231666537653266386333323430323637383531373565333339616231
65326332663735313262313835373832323937633532643662383865396261643038336661386639
36643833353264376365616666366365323738373930646330353666316635313734663537623136
63633339373039663037313738373364633063643766613730373734323634383037616430333438
36376462313166396631333837383563616135666464396566363032656231363938303364306661
38633832333261303563623630373034323135303661353837383537393732656535396339316261
61303964303835366562373962666364366239376235643566636533366332633232353835343162
63313363323032376331336565323134376336333762356134363435353635633132313333326534
35333562366164373466303137306232643362626538356639343435336132303263646533666633
31303630373035633031303932626364613938656263363865376636633735343837333330323835
61346462333534623862336533373533356266653363393436383164376464376539353437613461
35663434333233353635396665633233633638303362353335386532303933316535323762353163
37343332636433343536626161626366393139373764373434306235343337353131356136346236
65666331616232636466386461663239643935663261323137656666346531303539666430303163
66313663326330363539323665653365653630343436346435653439343632343439653665323037
35633139303831366334383338643834336331353431393835396539353033613833393934373633
39663734323037663633336565656261646162643365663338363836633931346164303636613333
38613965306430333666393962303830393034663434333866323334383638646566386361313065
38383339376139306662346430363330626332383432396261663630313763356238393465666332
38366431303136393866646637326133376361396664666437663766626239313834316138653564
37353861323339636131363936363066343535386432356164353364393731306364313337393262
35313038366232313861643435616261323263356639666236376137643964663239643536366637
39393561333666353732353636623666303437376161316634653734313630356434336437313834
35643935353366313534323136623437376464316364613162333862316561363534333835373161
36326336653062313262386564633765656538396337386136376538396232313831633931386332
30343134616433316338373162666363623431343037336661643134366232383732346331383338
65643438396163343561383165653035396637303236363462623337616661623837386262616136
32326535663231393136656565343764376539323831326333323939316232643863663962656635
38646461393439373831373763373264666536626266396439333635306564653634353232633464
61383232666237626338333166383438323131663763326566386264626233366463613030356333
62323164663866643938363130313262373963393362303337373338336662646161363332646533
32663361303763306466613235333031306539663835653465396135303232323166373634346634
37393435656132633032373436623139373539653830653831393232323662663232303736636138
31303539333731636563393665353835363463616165346165623362333433373332623633346334
31656161623239303235303734346432623930663431346436366639353130616134306336613738
30663966616237373364623237633637663064383830636637633762303938393330663964323434
36383238306337633965376437343232313334636266643463366531313463333639373664326463
61326332353362366463353538313136333966306539356236613066613831306162633132396437
37653832636133303136386334666234386131376162376432626163333332346362376461333131
66623263333433383633383536623266303437306533636164643738343635306634363934653237
33316634393330633366396532633661313837643930366133363530626130663532623064396464
34333962303462626231343935356662313933383064346463653539653431363039373233343939
62666630636537656337353035346363626564656663653766633866373537333536393764373466
33376237633364333830333565353665636163373236353336346134653130356638333765633261
36326334653731643064363463626232393235343238643732353035353737323231373564363164
61396139653934626166613039306337303234313566313135353539336234366432613834626431
65663635353365323961363831653765336335623466396233353137633131353735393464313733
34303237633465613034353264336662656265393831386636613261356563666538643363393338
33613165656138656261313065376365636161333337356331353861373161373166623266643464
34303064353935663339326265363233383439373563316361313634633736623339373831376630
35396230623565663336373035303530353135663531346236303233303963663833373038316162
62353363656632626461333966353365356130316366326237663030336635663233616663346233
66316363333435353739653136323935666636656331653437376233313533663630633037383264
38306238353432363437353330383061316163363433303139653463613430343765653162303364
35356563366132393464343661313261663636616435376531373833626333636664343331363834
65646266346137373131633439333363303635306232643465323137656331663566363837336537
38326137303136376166626665643331383763353061343638343037353664343066366132626665
63356436396238386334616534653566353865363339316363613930323363633035376139356235
33306330613531313463343330656433643334396539366563643861336562353564616235343465
33373564333731353231373331333933656231323362636661376263383235343530646233623734
36643933333338396266383838613866623935363437356263316531356431616238343663373263
35303438623533363866656638373434663466383062623462383638643731333336313664383262
37666665333338366264373665633831333036626435663836653337366333373035316133336365
32376433643739616130613130336261623034613530656534326462393438623439626334633930
30653365393030326432333361316233383330616363313633663236633936353665656332623539
61393430316539356165333766306633316365313236643664323061636337393732643834363031
35336531353333363862623632383265336430356237396463316465333735306339656437633961
32383562623134333535376431313037353336623761376232303737666138313830653462616431
64323533616562376663663237303866393439373436663361306130376239643631633234656663
33346435663238633836623630386564623138366539666338666438633364386166353962656463
61393533653931326530623662323965336162313061663539326664616135313165623761396536
61336239613463396239663863636132383962323737313565653437383135383964633636313331
66653436373264303738326439643933393935616234356333643739393163616234363361306136
37623663643863316231643132376636306335323861396433323434653061653964303935303236
39336166643936383831396139316133656336393333313539633137316364343463376566656637
32633762353732373234363962623838636130633661666332333062373934656633323331303031
62343831313364356363333065373830663337656436353366313132313933396261333336376435
65323731336232363033376362653962373837313964626463383437303238373930313266623762
33393039663461643930353635653736343431633434343131666262373632343231323533306632
30316532303261396666313262336664643266393630306630353161383332343731396434333437
38663639623364373963386433613335393733353432666639303564396561633361363732626530
35646464616131623439636565353963633964333962303730653566373663313266316263313032
33343236356366633066356134316330653835393239343139356561633236303663313630366263
64386132373439643564663639386561376463613062316161353334323364643637366561313939
63613764326138626338366632393565313735626364623163613635633537666530663664633830
65376636326439623130343133376266313835623836373034363866323261363537396335613763
62323431663635356165663631666639396262366663313530323061343162623462666237353366
63313134623234636165666232373538383061383539646262306138373362356563666239666266
39356661626135343436616463393338653963373761366230653832393564663235353032643130
64326566333662636135663533313962393134366639613036343665373561373663303862353733
64373165653064386565643335323362383131356435336630346237356338396137356633323032
66366530393236306134623732646364393831346134396335613634323565333766353634336133
66373965353464393163353838363037636231336535346465346264396165616537366439613736
32376533313131373134333030383330323766333361343835633935393762336534393662386133
66643235353663633537663063393134373462643736373035616133393336353065656131663463
31323561623137393537363737323838366332376565623234646563306537616461313433393265
30616135383962343661653939326638393939633465643764323339336463383063316262616636
38353539643664666336303866366166353936303637656137656437363736383865636639366635
63373935373333313564653061343066336332393632643131333930346166666130346332646438
61356630396461626539356331633433613962393431343861316664336263323863313038376236
36393830623563313335353930626262393763316232363064616536643766633437336363613338
39366538613763366162353066633730626266303939396336376333313065623531663437646633
37623838323964653137313135633666663331633362326331336232393365663464383238326234
36393361386438346332313035633736373166333630333933303863363566393739333330353734
36333561376463393230646664613139393739313566643961663132393039343234383561386532
33333361663032663238626236636430613931363564373962653332653661633765623130336438
39376630643635656264646331326664626339363132656466393735643037356338626665303231
63346366383637373166616230613233663033346166623462386334343135353634353035653966
36653465643462386134373139633534663134326530663338353533363132356531393335333233
62306537643061653037626634653764306361663266343636323634636235646261343733396235
38666330373233303061643764313737626661373039613238633966613638303237333962346531
35653666323132666461653832656138313161313364386466343330326234653063316232353934
30626632663638343432646564333161326464653938376139306566613230396533353137316430
31386261613366333431346566666562396234353332666530323263623462363337613962356564
39363131313634336533346566653235393666383763373964343738376666303931363432633065
30343838373566613835623965646335656239383532303735353835353635316433353636616462
38373634303335616135656265353937316463613138613166393736643437343831316236333266
34616331623038343437653463663965383931363934373635396664373938343431633835383831
66303739356663333034356531366366383466313730636432636331323335343737356366333330
39613738373332303033306434326635613936376333666461303664373838303434353632646533
62666530366239616165626663653335646266303664373337343965663665663662656232363731
63356431366231646564653436613639353833653136616139323737633664393764343837343566
37613236356639346533643634363962626133343133383437616639393766356231306263613734
35383435313638343361333262643339663332366538303366383438303438326436373435386361
34343433323239656631396631613263666237653032313430626364666132363332376335626635
39323631643830393430353665336263303262626138373764636638613130613033666431343765
32323935373330643033326661643530393934356135326666306135643737316631353936383335
38303362373632333061393162353236396564383037313733356135636338326536383530396433
38393237623963316561323361306339326435666137333338333638383338343733373239373966
39646135353865333838383139656161363566663033323266626433363665653930353765633862
65323066393866393039316662376437626431663164646632623335343638333030633238326532
64363063396663393636306434663334636430616465376666323462333133646332376565656432
33663935326139623938663831363561616365383366643636643633666530646338656163653735
326661636236646235326533323063373331
